0 0 1 0 1 0 0 0 1 0 1 0 0 1 0 
0 0 0 0 0 0 0 1 1 0 1 1 1 0 1 
1 0 0 1 0 1 1 0 0 1 1 0 0 0 1 
0 0 1 0 1 0 0 1 1 1 0 0 0 1 0 
1 0 0 1 0 1 0 0 0 1 0 1 0 0 1 
0 0 1 0 1 0 0 0 1 0 0 0 0 0 0 
0 0 1 0 0 0 0 0 1 0 1 1 1 1 1 
0 1 0 1 0 0 0 0 0 0 0 0 0 0 0 
1 1 0 1 0 1 1 0 0 0 1 1 0 0 0 
0 0 1 1 1 0 0 0 0 0 0 0 0 0 0 
1 1 1 0 0 0 1 0 1 0 0 1 0 0 1 
0 1 0 0 1 0 1 0 1 0 1 0 0 1 0 
0 1 0 0 0 0 1 0 0 0 0 0 0 0 0 
1 0 0 1 0 0 1 0 0 0 0 1 0 0 1 
0 1 1 0 1 0 1 0 0 0 1 0 0 1 0 
13 11 4 8 3 14 0 10 5 1 2 9 12 6 7 
184