0 1 1 0 1 1 0 0 1 0 1 0 0 0 1 1 0 1 0 0 
1 0 0 1 1 0 1 1 0 1 0 0 1 1 1 0 0 1 1 1 
1 0 0 0 0 1 1 0 0 1 1 1 1 1 1 1 1 0 0 0 
0 1 0 0 0 1 1 0 0 1 1 0 1 0 0 1 0 1 0 0 
1 1 0 0 0 1 0 0 1 0 1 0 1 1 0 0 1 0 1 1 
1 0 1 1 1 0 0 1 1 1 1 1 0 1 0 0 1 0 0 1 
0 1 1 1 0 0 0 1 1 1 0 0 0 1 0 1 0 0 0 0 
0 1 0 0 0 1 1 0 1 0 0 1 0 1 0 1 1 0 0 1 
1 0 0 0 1 1 1 1 0 0 1 1 1 0 0 0 0 0 0 1 
0 1 1 1 0 1 1 0 0 0 1 0 0 0 0 1 0 0 1 1 
1 0 1 1 1 1 0 0 1 1 0 1 1 0 1 1 1 0 1 1 
0 0 1 0 0 1 0 1 1 0 1 0 1 1 1 0 0 1 1 0 
0 1 1 1 1 0 0 0 1 0 1 1 0 1 1 0 0 0 1 0 
0 1 1 0 1 1 1 1 0 0 0 1 1 0 0 0 1 0 1 1 
1 1 1 0 0 0 0 0 0 0 1 1 1 0 0 0 0 0 0 0 
1 0 1 1 0 0 1 1 0 1 1 0 0 0 0 0 1 1 1 0 
0 0 1 0 1 1 0 1 0 0 1 0 0 1 0 1 0 0 1 1 
1 1 0 1 0 0 0 0 0 0 0 1 0 0 0 1 0 0 1 1 
0 1 0 0 1 0 0 0 0 1 1 1 1 1 0 1 1 1 0 0 
0 1 0 0 1 1 0 1 1 1 1 0 0 1 0 0 1 1 0 0 
10 0 2 13 16 12 1 6 18 5 14 9 19 7 3 4 15 11 17 8 
691