0 0 0 1 0 1 1 0 1 1 0 1 0 1 1 0 0 0 0 0 0 1 1 0 0 1 0 0 0 1 0 1 0 
0 0 1 1 0 0 1 0 1 0 1 0 1 0 0 0 0 0 0 1 1 1 1 1 1 1 1 1 0 1 1 0 1 
0 1 0 0 0 1 1 1 0 0 0 0 1 0 0 0 1 1 0 0 0 0 1 1 1 0 0 0 1 0 1 0 0 
1 1 0 0 0 1 1 0 1 0 1 1 0 0 0 0 0 1 0 1 1 0 1 1 1 1 1 0 1 0 1 0 1 
0 0 0 0 0 0 0 1 1 0 0 0 0 1 1 1 0 1 1 1 0 0 0 1 0 0 0 1 0 0 1 1 1 
1 0 1 1 0 0 1 1 1 0 1 0 0 1 0 1 0 0 0 1 1 0 0 0 1 0 0 1 1 0 1 0 0 
1 1 1 1 0 1 0 0 0 1 0 1 1 0 0 1 1 0 1 1 0 1 1 1 1 1 0 1 0 0 0 1 1 
0 0 1 0 1 1 0 0 0 0 0 0 1 0 0 0 1 1 0 0 1 1 0 0 1 1 1 0 1 1 1 1 0 
1 1 0 1 1 1 0 0 0 1 0 1 1 1 1 0 0 1 1 0 1 0 0 1 0 1 1 0 0 0 1 1 1 
1 0 0 0 0 0 1 0 1 0 1 1 1 0 1 0 0 1 0 0 0 1 1 0 1 1 0 0 0 0 0 0 1 
0 1 0 1 0 1 0 0 0 1 0 0 1 0 0 1 1 0 0 1 1 0 0 1 0 1 0 0 0 1 1 1 0 
1 0 0 1 0 0 1 0 1 1 0 0 1 1 0 1 0 0 0 0 1 1 0 0 0 0 0 0 1 1 0 1 1 
0 1 1 0 0 0 1 1 1 1 1 1 0 1 1 0 0 1 0 0 0 0 1 1 0 1 1 0 0 1 0 0 0 
1 0 0 0 1 1 0 0 1 0 0 1 1 0 0 1 0 0 1 0 0 1 1 0 1 1 0 0 0 0 0 1 0 
1 0 0 0 1 0 0 0 1 1 0 0 1 0 0 0 0 1 0 0 1 0 1 0 0 1 0 1 1 1 1 0 0 
0 0 0 0 1 1 1 0 0 0 1 1 0 1 0 0 0 0 0 0 1 0 0 1 0 1 0 0 1 1 1 1 1 
0 0 1 0 0 0 1 1 0 0 1 0 0 0 0 0 0 1 0 0 1 1 0 0 0 0 1 0 1 0 1 1 0 
0 0 1 1 1 0 0 1 1 1 0 0 1 0 1 0 1 0 1 1 1 0 0 1 1 0 0 0 0 1 1 0 1 
0 0 0 0 1 0 1 0 1 0 0 0 0 1 0 0 0 1 0 0 0 1 0 1 0 1 0 0 1 0 0 0 0 
0 1 0 1 1 1 1 0 0 0 1 0 0 0 0 0 0 1 0 0 1 1 1 0 0 0 1 1 1 1 0 1 1 
0 1 0 1 0 1 0 1 1 0 1 1 0 0 1 1 1 1 0 1 0 1 0 0 0 0 0 0 1 0 1 0 0 
1 1 0 0 0 0 1 1 0 1 0 1 0 1 0 0 1 0 1 1 1 0 0 1 1 1 0 1 0 0 1 1 1 
1 1 1 1 0 0 1 0 0 1 0 0 1 1 1 0 0 0 0 1 0 0 0 1 0 0 0 0 0 0 0 0 1 
0 1 1 1 1 0 1 0 1 0 1 0 1 0 0 1 0 1 1 0 0 1 1 0 1 0 1 0 0 0 1 0 0 
0 1 1 1 0 1 1 1 0 1 0 0 0 1 0 0 0 1 0 0 0 1 0 1 0 0 1 0 0 1 1 1 1 
1 1 0 1 0 0 1 1 1 1 1 0 1 1 1 1 0 0 1 0 0 1 0 0 0 0 0 0 1 0 1 0 0 
0 1 0 1 0 0 0 1 1 0 0 0 1 0 0 0 1 0 0 1 0 0 0 1 1 0 0 1 0 0 0 1 1 
0 1 0 0 1 1 1 0 0 0 0 0 0 0 1 0 0 0 0 1 0 1 0 0 0 0 1 0 0 0 1 0 1 
0 0 1 1 0 1 0 1 0 0 0 1 0 0 1 1 1 0 1 1 1 0 0 0 0 1 0 0 0 0 0 1 0 
1 1 0 0 0 0 0 1 0 0 1 1 1 0 1 1 0 1 0 1 0 0 0 0 1 0 0 0 0 0 1 1 0 
0 1 1 1 1 1 0 1 1 0 1 0 0 0 1 1 1 1 0 0 1 1 0 1 1 1 0 1 0 1 0 1 1 
1 0 0 0 1 0 1 1 1 0 1 1 0 1 0 1 1 0 0 1 0 1 0 0 1 0 1 0 1 1 1 0 0 
0 1 0 1 1 0 1 0 1 1 0 1 0 0 0 1 0 1 0 1 0 1 1 0 1 0 1 1 0 0 1 0 0 
6 21 29 10 15 20 24 1 3 13 31 2 23 9 18 12 28 11 27 8 32 19 16 30 25 0 22 26 7 14 17 4 5 
2778