0 0 0 0 1 1 0 0 1 0 0 0 1 1 1 0 0 0 0 0 1 1 1 0 0 1 1 0 0 0 1 0 0 0 0 1 0 0 
0 0 1 0 1 1 1 0 0 0 0 1 0 1 0 1 0 1 0 0 0 0 0 1 1 0 0 1 0 1 1 0 0 1 1 0 1 0 
0 1 0 1 0 0 0 0 1 1 0 1 1 1 1 1 1 0 1 1 1 0 0 1 0 0 0 1 1 1 0 1 0 1 0 1 1 1 
0 0 1 0 1 1 1 1 0 1 0 1 1 1 1 1 0 0 0 1 0 0 1 0 1 0 0 1 0 1 0 1 1 0 1 1 0 0 
1 1 0 1 0 0 0 0 0 1 1 0 1 0 0 0 0 1 0 1 1 0 0 0 0 1 0 1 0 1 1 1 0 0 0 0 0 1 
1 1 0 1 0 0 1 0 1 0 1 1 1 1 0 1 1 0 0 1 1 1 1 1 0 1 0 0 1 1 1 0 0 0 1 0 1 0 
0 1 0 1 0 1 0 1 1 0 1 0 0 1 1 1 1 0 1 0 0 0 0 0 0 1 0 0 1 1 1 1 0 1 0 1 0 1 
0 0 0 1 0 0 1 0 1 1 1 1 0 0 1 1 0 0 0 0 0 1 0 1 0 0 0 0 0 1 1 0 0 1 0 1 1 1 
1 0 1 0 0 1 1 1 0 0 0 0 0 0 0 0 0 0 0 1 1 0 1 0 0 0 0 1 1 1 0 1 0 0 1 0 0 0 
0 0 1 1 1 0 0 1 0 0 0 1 0 0 1 0 1 0 0 1 0 0 1 1 0 1 1 0 1 1 0 1 0 1 0 0 0 0 
0 0 0 0 1 1 1 1 0 0 0 0 0 1 1 1 1 1 0 1 1 0 0 1 1 0 1 0 1 1 1 0 0 0 1 1 0 1 
0 1 1 1 0 1 0 1 0 1 0 0 0 0 1 0 0 0 0 0 0 0 0 0 1 0 0 0 0 1 0 1 0 1 1 1 0 1 
1 0 1 1 1 1 0 0 0 0 0 0 0 1 0 1 1 1 0 1 0 1 0 0 0 0 1 0 0 0 0 0 1 1 1 0 0 1 
1 1 1 1 0 1 1 0 0 0 1 0 1 0 0 0 0 1 0 0 1 0 0 0 1 0 0 0 0 0 1 1 1 0 1 1 0 0 
1 0 1 1 0 0 1 1 0 1 1 1 0 0 0 1 1 1 1 1 1 0 0 0 1 1 1 0 0 0 0 0 1 0 0 0 1 0 
0 1 1 1 0 1 1 1 0 0 1 0 1 0 1 0 1 1 1 1 1 1 0 0 1 1 1 1 1 1 1 0 1 1 0 1 1 1 
0 0 1 0 0 1 1 0 0 1 1 0 1 0 1 1 0 1 0 1 1 0 1 1 0 1 1 0 0 0 0 0 0 1 1 0 1 1 
0 1 0 0 1 0 0 0 0 0 1 0 1 1 1 1 1 0 0 1 1 0 1 0 1 0 1 1 1 1 0 1 0 1 1 0 1 0 
0 0 1 0 0 0 1 0 0 0 0 0 0 0 1 1 0 0 0 1 0 0 0 0 0 1 1 0 1 0 1 1 0 1 0 0 1 0 
0 0 1 1 1 1 0 0 1 1 1 0 1 0 1 1 1 1 1 0 0 0 0 1 1 1 0 0 1 1 1 1 1 0 1 1 0 0 
1 0 1 0 1 1 0 0 1 0 1 0 0 1 1 1 1 1 0 0 0 0 0 1 0 1 1 1 0 0 0 0 1 1 0 1 1 1 
1 0 0 0 0 1 0 1 0 0 0 0 1 0 0 1 0 0 0 0 0 0 1 1 1 1 1 0 0 0 0 0 0 1 0 1 0 1 
1 0 0 1 0 1 0 0 1 1 0 0 0 0 0 0 1 1 0 0 0 1 0 0 1 0 0 0 1 1 0 1 0 1 0 0 1 0 
0 1 1 0 0 1 0 1 0 1 1 0 0 0 0 0 1 0 0 1 1 1 0 0 0 0 0 1 1 1 1 1 0 1 1 0 1 0 
0 1 0 1 0 0 0 0 0 0 1 1 0 1 1 1 0 1 0 1 0 1 1 0 0 0 1 1 0 1 1 1 1 1 1 0 1 0 
1 0 0 0 1 1 1 0 0 1 0 0 0 0 1 1 1 0 1 1 1 1 0 0 0 0 0 0 0 1 1 0 0 0 0 0 0 0 
1 0 0 0 0 0 0 0 0 1 1 0 1 0 1 1 1 1 1 0 1 1 0 0 1 0 0 0 1 1 1 0 1 1 0 1 1 0 
0 1 1 1 1 0 0 0 1 0 0 0 0 0 0 1 0 1 0 0 1 0 0 1 1 0 0 0 1 0 1 1 1 1 0 0 1 1 
0 0 1 0 0 1 1 0 1 1 1 0 0 0 0 1 0 1 1 1 0 0 1 1 0 0 1 1 0 1 0 0 1 1 1 1 1 0 
0 1 1 1 1 1 1 1 1 1 1 1 0 0 0 1 0 1 0 1 0 0 1 1 1 1 1 0 1 0 0 1 1 1 0 0 0 0 
1 1 0 0 1 1 1 1 0 0 1 0 0 1 0 1 0 0 1 1 0 0 0 1 1 1 1 1 0 0 0 1 1 0 1 0 0 0 
0 0 1 1 1 0 1 0 1 1 0 1 0 1 0 0 0 1 1 1 0 0 1 1 1 0 0 1 0 1 1 0 1 1 0 1 0 1 
0 0 0 1 0 0 0 0 0 0 0 0 1 1 1 1 0 0 0 1 1 0 0 0 1 0 1 1 1 1 1 1 0 1 1 1 0 1 
0 1 1 0 0 0 1 1 0 1 0 1 1 0 0 1 1 1 1 0 1 1 1 1 1 0 1 1 1 1 0 1 1 0 1 1 1 1 
0 1 0 1 0 1 0 0 1 0 1 1 1 1 0 0 1 1 0 1 0 0 0 1 1 0 0 0 1 0 1 0 1 1 0 1 0 1 
1 0 1 1 0 0 1 1 0 0 1 1 0 1 0 1 0 0 0 1 1 1 0 0 0 0 1 0 1 0 0 1 1 1 1 0 1 1 
0 1 1 0 0 1 0 1 0 0 0 0 0 0 1 1 1 1 1 0 1 0 1 1 1 0 1 1 1 0 0 0 0 1 0 1 0 0 
0 0 1 0 1 0 1 1 0 0 1 1 1 0 0 1 1 0 0 0 1 1 0 0 0 0 0 1 0 0 0 1 1 1 1 1 0 0 
33 2 1 12 15 22 13 30 18 3 28 4 17 32 23 26 24 0 9 7 5 11 16 8 37 31 25 35 34 14 29 6 27 36 21 20 19 10 
4728