0 0 0 0 1 1 0 1 1 0 0 0 1 0 0 1 1 0 0 0 1 1 0 0 0 0 0 0 1 1 
0 0 0 0 0 0 1 1 1 0 0 0 0 1 1 0 1 1 0 1 1 0 1 1 0 0 1 0 1 0 
0 0 0 1 1 1 1 0 0 1 0 1 0 0 0 0 1 1 1 1 1 1 0 1 1 1 0 0 1 1 
0 0 1 0 0 1 1 1 0 0 1 0 0 1 0 0 1 0 0 1 1 1 1 0 1 0 0 1 0 1 
1 0 1 0 0 1 0 0 1 1 1 0 1 1 0 1 1 0 1 0 1 0 0 1 1 1 1 1 1 0 
1 0 1 1 1 0 1 0 0 0 1 0 1 1 0 0 1 0 1 1 0 1 1 1 1 1 0 1 0 0 
0 1 1 1 0 1 0 0 1 1 0 1 1 1 1 1 1 0 0 1 1 0 0 0 0 1 0 1 0 1 
1 1 0 1 0 0 0 0 0 0 0 1 0 0 1 0 1 1 1 1 1 1 1 1 1 0 0 0 0 0 
1 1 0 0 1 0 1 0 0 0 0 0 0 0 1 0 0 0 0 1 1 1 1 1 1 1 1 0 1 0 
0 0 1 0 1 0 1 0 0 0 1 1 1 0 1 1 1 1 0 0 0 0 1 1 1 0 1 1 1 0 
0 0 0 1 1 1 0 0 0 1 0 1 0 1 1 0 1 0 1 0 0 1 1 1 1 1 0 0 0 1 
0 0 1 0 0 0 1 1 0 1 1 0 0 0 0 1 0 1 0 1 1 0 0 0 1 1 1 1 0 0 
1 0 0 0 1 1 1 0 0 1 0 0 0 1 0 0 0 0 0 0 1 0 0 0 0 1 1 1 0 1 
0 1 0 1 1 1 1 0 0 0 1 0 1 0 0 0 1 1 1 0 1 1 0 1 1 1 1 1 1 0 
0 1 0 0 0 0 1 1 1 1 1 0 0 0 0 1 0 1 1 0 1 1 1 1 0 0 1 0 1 1 
1 0 0 0 1 0 1 0 0 1 0 1 0 0 1 0 0 0 1 1 0 0 0 0 0 1 0 1 1 1 
1 1 1 1 1 1 1 1 0 1 1 0 0 1 0 0 0 1 0 1 1 0 1 1 1 0 1 1 0 0 
0 1 1 0 0 0 0 1 0 1 0 1 0 1 1 0 1 0 0 0 0 1 0 0 0 1 1 1 1 1 
0 0 1 0 1 1 0 1 0 0 1 0 0 1 1 1 0 0 0 0 0 1 1 1 1 1 0 1 1 0 
0 1 1 1 0 1 1 1 1 0 0 1 0 0 0 1 1 0 0 0 0 1 1 1 0 0 0 0 1 1 
1 1 1 1 1 0 1 1 1 0 0 1 1 1 1 0 1 0 0 0 0 1 1 1 0 0 1 0 1 1 
1 0 1 1 0 1 0 1 1 0 1 0 0 1 1 0 0 1 1 1 1 0 1 0 0 1 1 0 0 0 
0 1 0 1 0 1 0 1 1 1 1 0 0 0 1 0 1 0 1 1 1 1 0 0 1 1 1 1 1 1 
0 1 1 0 1 1 0 1 1 1 1 0 0 1 1 0 1 0 1 1 1 0 0 0 0 1 1 0 1 1 
0 0 1 1 1 1 0 1 1 1 1 1 0 1 0 0 1 0 1 0 0 0 1 0 0 0 1 1 1 1 
0 0 1 0 1 1 1 0 1 0 1 1 1 1 0 1 0 1 1 0 0 1 1 1 0 0 0 0 1 1 
0 1 0 0 1 0 0 0 1 1 0 1 1 1 1 0 1 1 0 0 1 1 1 1 1 0 0 1 0 1 
0 0 0 1 1 1 1 0 0 1 0 1 1 1 0 1 1 1 1 0 0 0 1 0 1 0 1 0 0 0 
1 1 1 0 1 0 0 0 1 1 0 0 0 1 1 1 0 1 1 1 1 0 1 1 1 1 0 0 0 1 
1 0 1 1 0 0 1 0 0 0 1 0 1 0 1 1 0 1 0 1 1 0 1 1 1 1 1 0 1 0 
8 5 20 0 9 22 14 7 28 6 24 15 13 27 17 16 26 4 10 18 3 21 1 12 19 25 29 23 11 2 
2404