0 1 1 0 0 0 0 1 1 1 1 0 1 0 0 1 0 1 1 1 0 0 1 0 1 0 0 1 0 0 0 0 0 0 0 1 0 0 0 1 0 1 0 0 0 0 0 1 1 0 
1 0 0 1 1 1 0 1 0 0 0 1 1 1 1 1 0 0 0 0 1 1 1 0 1 0 0 0 1 1 0 0 0 0 0 0 1 1 1 1 0 1 0 1 0 1 1 0 1 1 
1 0 0 0 0 1 1 1 1 0 1 1 1 1 1 0 0 0 1 1 0 1 0 1 1 0 1 0 0 1 0 1 0 1 1 0 1 1 0 1 1 1 0 1 1 0 1 0 0 1 
0 1 0 0 0 0 1 0 1 1 0 1 1 0 1 0 1 1 0 1 1 0 0 0 1 0 1 0 0 0 0 0 1 0 1 0 1 1 1 1 0 0 0 0 1 1 0 0 0 1 
0 1 0 0 0 0 1 0 1 1 1 0 1 0 1 0 0 1 0 0 0 1 0 1 0 0 1 0 1 1 0 1 1 0 0 0 1 0 1 1 1 0 0 1 0 0 0 0 1 1 
0 1 1 0 0 0 1 0 0 1 0 0 0 1 0 1 1 0 0 1 0 0 0 1 1 0 0 1 1 0 1 1 1 1 1 0 0 1 0 0 0 1 0 0 1 0 1 0 1 0 
0 0 1 1 1 1 0 0 0 0 0 1 0 0 1 1 1 1 0 1 0 0 1 0 1 0 1 0 0 1 1 1 1 1 0 0 0 1 1 1 0 0 1 0 0 1 1 1 0 1 
1 1 1 0 0 0 0 0 0 0 1 1 1 0 0 1 0 0 1 0 1 0 0 0 1 1 1 1 1 0 0 0 1 1 1 1 1 1 0 0 1 1 1 0 1 0 1 1 1 0 
1 0 1 1 1 0 0 0 0 0 0 0 1 1 0 0 1 1 0 1 0 1 0 0 0 0 0 1 0 1 1 1 0 0 0 1 1 0 1 1 0 0 0 0 0 1 1 1 0 1 
1 0 0 1 1 1 0 0 0 0 0 1 0 1 1 1 0 1 0 0 0 1 1 0 1 0 0 1 1 1 0 0 0 1 0 1 1 0 0 1 1 0 1 1 0 1 0 1 1 0 
1 0 1 0 1 0 0 1 0 0 0 1 1 1 0 1 1 1 1 1 1 1 1 0 1 0 0 1 0 1 0 0 0 0 0 0 0 0 1 0 1 0 0 0 0 1 0 1 1 0 
0 1 1 1 0 0 1 1 0 1 1 0 0 0 1 0 1 0 1 1 0 0 1 0 1 1 1 1 1 0 1 1 0 1 1 1 0 1 0 1 0 0 1 1 1 1 0 1 0 1 
1 1 1 1 1 0 0 1 1 0 1 0 0 0 1 0 0 1 1 0 1 0 0 1 1 1 0 1 0 1 0 0 1 1 1 0 0 1 1 1 1 0 1 1 1 1 0 0 0 1 
0 1 1 0 0 1 0 0 1 1 1 0 0 0 0 0 0 0 0 0 0 1 0 1 0 0 1 0 0 0 0 0 1 1 0 1 1 0 1 1 0 0 1 1 0 0 0 1 1 1 
0 1 1 1 1 0 1 0 0 1 0 1 1 0 0 1 0 0 1 1 1 0 0 0 0 1 0 1 1 1 0 0 0 0 0 0 0 0 1 0 0 0 1 0 0 0 1 1 1 0 
1 1 0 0 0 1 1 1 0 1 1 0 0 0 1 0 1 0 1 0 1 0 0 0 1 1 1 0 1 1 0 0 0 1 1 0 1 0 1 1 1 1 0 0 1 0 0 0 0 0 
0 0 0 1 0 1 1 0 1 0 1 1 0 0 0 1 0 1 0 0 1 1 1 1 0 1 1 0 1 1 0 0 1 1 1 0 1 1 0 0 0 1 1 1 0 0 0 0 0 0 
1 0 0 1 1 0 1 0 1 1 1 0 1 0 0 0 1 0 0 1 0 0 0 1 1 0 0 0 1 1 0 0 1 1 0 0 0 0 0 1 0 0 0 1 1 1 1 0 0 1 
1 0 1 0 0 0 0 1 0 0 1 1 1 0 1 1 0 0 0 1 0 0 1 0 0 1 0 1 1 0 0 0 1 0 1 0 0 0 0 0 1 0 1 1 0 0 1 0 1 1 
1 0 1 1 0 1 1 0 1 0 1 1 0 0 1 0 0 1 1 0 0 0 0 1 0 0 1 1 1 1 1 1 1 1 0 0 1 0 0 0 1 1 0 1 1 0 1 0 0 1 
0 1 0 1 0 0 0 1 0 0 1 0 1 0 1 1 1 0 0 0 0 1 1 0 1 1 1 0 1 1 1 1 0 1 1 0 1 0 1 0 0 1 0 0 1 1 0 0 1 0 
0 1 1 0 1 0 0 0 1 1 1 0 0 1 0 0 1 0 0 0 1 0 0 1 1 0 0 0 0 1 1 0 0 0 0 1 1 1 0 0 1 0 1 1 1 0 1 0 0 0 
1 1 0 0 0 0 1 0 0 1 1 1 0 0 0 0 1 0 1 0 1 0 0 1 0 1 1 0 0 0 1 0 0 0 0 1 1 1 1 0 0 1 1 1 0 1 1 1 1 1 
0 0 1 0 1 1 0 0 0 0 0 0 1 1 0 0 1 1 0 1 0 1 1 0 1 0 0 1 0 0 0 0 0 0 0 0 1 0 1 1 0 1 1 0 0 0 0 0 0 1 
1 1 1 1 0 1 1 1 0 1 1 1 1 0 0 1 0 1 0 0 1 1 0 1 0 0 1 0 0 0 0 1 1 0 0 1 0 0 1 0 0 0 1 0 1 0 0 1 1 0 
0 0 0 0 0 0 0 1 0 0 0 1 1 0 1 1 1 0 1 0 1 0 1 0 0 0 1 1 1 0 0 1 0 0 1 0 1 0 1 1 0 1 1 1 1 0 1 1 1 1 
0 0 1 1 1 0 1 1 0 0 0 1 0 1 0 1 1 0 0 1 1 0 1 0 1 1 0 1 1 0 1 0 1 1 0 0 0 1 0 0 0 0 1 1 1 1 1 1 0 1 
1 0 0 0 0 1 0 1 1 1 1 1 1 0 1 0 0 0 1 1 0 0 0 1 0 1 1 0 0 1 1 0 1 1 1 0 1 1 0 1 1 1 0 1 0 0 0 0 0 1 
0 1 0 0 1 1 0 1 0 1 0 1 0 0 1 1 1 1 1 1 1 0 0 0 0 1 1 0 0 0 0 0 0 1 1 0 1 0 1 1 1 1 1 0 0 1 1 0 1 0 
0 1 1 0 1 0 1 0 1 1 1 0 1 0 1 1 1 1 0 1 1 1 0 0 0 0 0 1 0 0 0 0 1 1 1 0 1 1 1 1 1 1 1 0 1 0 1 0 0 0 
0 0 0 0 0 1 1 0 1 0 0 1 0 0 0 0 0 0 0 1 1 1 1 0 0 0 1 1 0 0 0 0 0 1 1 1 1 1 0 0 1 0 0 1 0 1 0 1 0 1 
0 0 1 0 1 1 1 0 1 0 0 1 0 0 0 0 0 0 0 1 1 0 0 0 1 1 0 0 0 0 0 0 1 1 1 1 0 1 0 0 1 0 0 1 0 0 1 1 1 1 
0 0 0 1 1 1 1 1 0 0 0 0 1 1 0 0 1 1 1 1 0 0 0 0 1 0 1 1 0 1 0 1 0 1 1 1 0 1 1 1 1 1 0 0 1 1 1 0 0 1 
0 0 1 0 0 1 1 1 0 1 0 1 1 1 0 1 1 1 0 1 1 0 0 0 0 0 1 1 1 1 1 1 1 0 1 0 1 0 1 1 0 1 1 0 0 1 0 0 0 1 
0 0 1 1 0 1 0 1 0 0 0 1 1 0 0 1 1 0 1 0 1 0 0 0 0 1 0 1 1 1 1 1 1 1 0 0 0 0 0 1 0 0 1 1 1 1 1 1 0 1 
1 0 0 0 0 0 0 1 1 1 0 1 0 1 0 0 0 0 0 0 0 1 1 0 1 0 0 0 0 0 1 1 1 0 0 0 0 1 1 0 0 1 1 1 0 0 0 1 0 1 
0 1 1 1 1 0 0 1 1 1 0 0 0 1 0 1 1 0 0 1 1 1 1 1 0 1 0 1 1 1 1 0 0 1 0 0 0 0 1 0 1 0 1 0 1 0 1 0 0 0 
0 1 1 1 0 1 1 1 0 0 0 1 1 0 0 0 1 0 0 0 0 1 1 0 0 0 1 1 0 1 1 1 1 0 0 1 0 0 0 0 0 1 1 1 1 0 0 1 0 0 
0 1 0 1 1 0 1 0 1 0 1 0 1 1 1 1 0 0 0 0 1 0 1 1 1 1 0 0 1 1 0 0 1 1 0 1 1 0 0 1 1 1 1 0 1 1 0 0 1 0 
1 1 1 1 1 0 1 0 1 1 0 1 1 1 0 1 0 1 0 0 0 0 0 1 0 1 0 1 1 1 0 0 1 1 1 0 0 0 1 0 0 0 0 1 1 0 1 0 1 0 
0 0 1 0 1 0 0 1 0 1 1 0 1 0 0 1 0 0 1 1 0 1 0 0 0 0 0 1 1 1 1 1 1 0 0 0 1 0 1 0 0 0 0 1 0 0 0 0 0 1 
1 1 1 0 0 1 0 1 0 0 0 0 0 0 0 1 1 0 0 1 1 0 1 1 0 1 0 1 1 1 0 0 1 1 0 1 0 1 1 0 0 0 1 1 1 0 0 1 1 1 
0 0 0 0 0 0 1 1 0 1 0 1 1 1 1 0 1 0 1 0 0 1 1 1 1 1 1 0 1 1 0 0 0 1 1 1 1 1 1 0 0 1 0 1 0 0 0 1 1 0 
0 1 1 0 1 0 0 0 0 1 0 1 1 1 0 0 1 1 1 1 0 1 1 0 0 1 1 1 0 0 1 1 0 0 1 1 0 1 0 1 1 1 1 0 1 0 1 0 1 0 
0 0 1 1 0 1 0 1 0 0 0 1 1 0 0 1 0 1 0 1 1 1 0 0 1 1 1 0 0 1 0 0 1 0 1 0 1 1 1 1 0 1 0 1 0 1 0 1 0 1 
0 1 0 1 0 0 1 0 1 1 1 1 1 0 0 0 0 1 0 0 1 0 1 0 0 0 1 0 1 0 1 0 1 1 1 0 0 0 1 0 0 0 0 0 1 0 1 1 0 1 
0 1 1 0 0 1 1 1 1 0 0 0 0 0 1 0 0 1 1 1 0 1 1 0 0 1 1 0 1 1 0 1 1 0 1 0 1 0 0 1 0 0 0 1 0 1 0 1 0 0 
1 0 0 0 0 0 1 1 1 1 1 1 0 1 1 0 0 0 0 0 0 0 1 0 1 1 1 0 0 0 1 1 0 0 1 1 0 1 0 0 0 1 1 0 1 1 1 0 0 0 
1 1 0 0 1 1 0 1 0 1 1 0 0 1 1 0 0 0 1 0 1 0 1 0 1 1 0 0 1 0 0 1 0 0 0 0 0 0 1 1 0 1 1 1 0 0 0 0 0 1 
0 1 1 1 1 0 1 0 1 0 0 1 1 1 0 0 0 1 1 1 0 0 1 1 0 1 1 1 0 0 1 1 1 1 1 1 0 0 0 0 1 1 0 0 1 1 0 0 1 0 
26 38 5 22 6 3 18 43 25 30 19 2 41 16 13 11 46 20 40 36 0 29 8 44 42 12 28 33 7 4 37 23 45 14 15 48 35 21 34 32 39 10 49 31 1 17 9 47 24 27 
10385